SIZES
  nstack                1703936
  nbuffer               15040
  pstack                64
  maxuse_stack          494
  maxuse_con            13
  maxuse_efc            44
  solver_iter           0
  solver_nnz            64
  ne                    0
  nf                    0
  nefc                  0
  ncon                  0

TIMER
    0:  duration =  0.32       number = 17
    1:  duration =  0.3        number = 17
    2:  duration =  0          number = 0
    3:  duration =  0.22       number = 17
    4:  duration =  0.038      number = 17
    5:  duration =  0.0068     number = 17
    6:  duration =  0.0098     number = 17
    7:  duration =  0.0024     number = 17
    8:  duration =  0.078      number = 17
    9:  duration =  0.019      number = 17
    10:  duration =  0.082      number = 17
    11:  duration =  0.035      number = 17
    12:  duration =  0.0019     number = 17

ENERGY =   0         0       

TIME =  98      

QPOS
  -16      
  -2.4e+02 
   2.9e+02 
  -0.83    
   0.51    
  -0.11    
   0.21    
  -1.5e+03 
  -0.33    

QVEL
  -0.18    
  -2.5     
   2.9     
  -14      
  -8.1     
   11      
  -7.5     
  -11      

QACC_WARMSTART
   0.13    
  -0.0052  
   0.054   
   48      
  -94      
  -11      
   1.4e+02 
  -4.5     

CTRL
   0       
   0       

QFRC_APPLIED
   0       
   0       
   0       
   0       
   0       
   0       
   0       
   0       

XFRC_APPLIED
   0         0         0         0         0         0       
   0         0         0         0         0         0       
   0         0         0         0         0         0       
   0         0         0         0         0         0       

QACC
   0.13    
  -0.0052  
   0.054   
   48      
  -94      
  -11      
   1.4e+02 
  -4.5     

SENSOR
  -16      
  -2.4e+02 
   2.9e+02 
  -0.83    
   0.5     
  -0.11    
   0.21    

XPOS
   0         0         0       
  -16       -2.4e+02   2.9e+02 
  -16       -2.4e+02   2.9e+02 
  -16       -2.4e+02   2.9e+02 

XQUAT
   1         0         0         0       
  -0.83      0.5      -0.11      0.21    
  -0.35      0.091    -0.76      0.54    
  -0.84      0.53      0.026     0.13    

XMAT
   1         0         0         0         1         0         0         0         1       
   0.89      0.24      0.39     -0.46      0.4       0.79      0.035    -0.88      0.47    
  -0.73      0.24      0.64     -0.52      0.4      -0.75     -0.44     -0.88     -0.17    
   0.97      0.24      0.094    -0.19      0.4       0.9       0.18     -0.88      0.44    

XIPOS
   0         0         0       
  -16       -2.4e+02   2.9e+02 
  -16       -2.4e+02   2.9e+02 
  -16       -2.4e+02   2.9e+02 

XIMAT
   1         0         0         0         1         0         0         0         1       
   0.39     -0.24      0.89      0.79     -0.4      -0.46      0.47      0.88      0.038   
  -0.73      0.24      0.64     -0.52      0.4      -0.75     -0.44     -0.88     -0.17    
   0.97      0.24      0.094    -0.19      0.4       0.9       0.18     -0.88      0.44    

XANCHOR
  -16       -2.4e+02   2.9e+02 
  -16       -2.4e+02   2.9e+02 
  -16       -2.4e+02   2.9e+02 

XAXIS
   0         0         1       
   0.24      0.4      -0.88    
   0.24      0.4      -0.88    

GEOM_XPOS
   0         0         0       
  -1.8      -3.2       0.25    
  -1.2      -3.2       0.25    
  -0.75     -3.2       0.25    
  -0.25     -3.2       0.25    
   0.25     -3.2       0.25    
   0.75     -3.2       0.25    
   1.2      -3.2       0.25    
   1.8      -3.2       0.25    
   2.2      -3.2       0.25    
  -2.2      -2.8       0.25    
   2.2      -2.8       0.25    
  -2.2      -2.2       0.25    
   2.2      -2.2       0.25    
  -2.2      -1.8       0.25    
  -0.75     -1.8       0.6     
  -0.25     -1.8       0.6     
   0.75     -1.8       0.6     
   1.2      -1.8       0.6     
   2.2      -1.8       0.25    
  -2.2      -1.2       0.25    
   2.2      -1.2       0.25    
  -2.2      -0.75      0.25    
   2.2      -0.75      0.25    
  -2.2      -0.25      0.25    
  -0.75     -0.25      0.6     
  -0.25     -0.25      0.6     
   0.75     -0.25      0.6     
   1.2      -0.25      0.6     
   2.2      -0.25      0.25    
  -2.2       0.25      0.25    
   2.2       0.25      0.25    
  -2.2       0.75      0.25    
   2.2       0.75      0.25    
  -2.2       1.2       0.25    
  -0.75      1.2       0.6     
  -0.25      1.2       0.6     
   0.75      1.2       0.6     
   1.2       1.2       0.6     
   2.2       1.2       0.25    
  -2.2       1.8       0.25    
   2.2       1.8       0.25    
  -2.2       2.2       0.25    
   2.2       2.2       0.25    
  -2.2       2.8       0.25    
  -1.8       2.8       0.1     
  -0.75      2.8       0.05    
  -0.25      2.8       0.05    
   0.25      2.8       0.05    
   0.75      2.8       0.05    
   1.2       2.8       0.05    
   1.8       2.8       0.25    
   2.2       2.8       0.25    
  -2.2       3.2       0.25    
  -1.8       3.2       0.25    
  -1.2       3.2       0.25    
  -0.75      3.2       0.25    
  -0.25      3.2       0.25    
   0.25      3.2       0.25    
   0.75      3.2       0.25    
   1.2       3.2       0.25    
   1.8       3.2       0.25    
   2.2       3.2       0.25    
  -16       -2.4e+02   2.9e+02 
  -16       -2.4e+02   2.9e+02 
  -16       -2.4e+02   2.9e+02 
  -16       -2.4e+02   2.9e+02 

GEOM_XMAT
   1         0         0         0         1         0         0         0         1       
   1         0         0         0         1         0         0         0         1       
   1         0         0         0         1         0         0         0         1       
   1         0         0         0         1         0         0         0         1       
   1         0         0         0         1         0         0         0         1       
   1         0         0         0         1         0         0         0         1       
   1         0         0         0         1         0         0         0         1       
   1         0         0         0         1         0         0         0         1       
   1         0         0         0         1         0         0         0         1       
   1         0         0         0         1         0         0         0         1       
   1         0         0         0         1         0         0         0         1       
   1         0         0         0         1         0         0         0         1       
   1         0         0         0         1         0         0         0         1       
   1         0         0         0         1         0         0         0         1       
   1         0         0         0         1         0         0         0         1       
   1         0         0         0         1         0         0         0         1       
   1         0         0         0         1         0         0         0         1       
   1         0         0         0         1         0         0         0         1       
   1         0         0         0         1         0         0         0         1       
   1         0         0         0         1         0         0         0         1       
   1         0         0         0         1         0         0         0         1       
   1         0         0         0         1         0         0         0         1       
   1         0         0         0         1         0         0         0         1       
   1         0         0         0         1         0         0         0         1       
   1         0         0         0         1         0         0         0         1       
   1         0         0         0         1         0         0         0         1       
   1         0         0         0         1         0         0         0         1       
   1         0         0         0         1         0         0         0         1       
   1         0         0         0         1         0         0         0         1       
   1         0         0         0         1         0         0         0         1       
   1         0         0         0         1         0         0         0         1       
   1         0         0         0         1         0         0         0         1       
   1         0         0         0         1         0         0         0         1       
   1         0         0         0         1         0         0         0         1       
   1         0         0         0         1         0         0         0         1       
   1         0         0         0         1         0         0         0         1       
   1         0         0         0         1         0         0         0         1       
   1         0         0         0         1         0         0         0         1       
   1         0         0         0         1         0         0         0         1       
   1         0         0         0         1         0         0         0         1       
   1         0         0         0         1         0         0         0         1       
   1         0         0         0         1         0         0         0         1       
   1         0         0         0         1         0         0         0         1       
   1         0         0         0         1         0         0         0         1       
   1         0         0         0         1         0         0         0         1       
   1         0         0         0         1         0         0         0         1       
   1         0         0         0         1         0         0         0         1       
   1         0         0         0         1         0         0         0         1       
   1         0         0         0         1         0         0         0         1       
   1         0         0         0         1         0         0         0         1       
   1         0         0         0         1         0         0         0         1       
   1         0         0         0         1         0         0         0         1       
   1         0         0         0         1         0         0         0         1       
   1         0         0         0         1         0         0         0         1       
   1         0         0         0         1         0         0         0         1       
   1         0         0         0         1         0         0         0         1       
   1         0         0         0         1         0         0         0         1       
   1         0         0         0         1         0         0         0         1       
   1         0         0         0         1         0         0         0         1       
   1         0         0         0         1         0         0         0         1       
   1         0         0         0         1         0         0         0         1       
   1         0         0         0         1         0         0         0         1       
   1         0         0         0         1         0         0         0         1       
   0.89      0.24      0.39     -0.46      0.4       0.79      0.035    -0.88      0.47    
   0.89      0.24      0.39     -0.46      0.4       0.79      0.035    -0.88      0.47    
  -0.73      0.24      0.64     -0.52      0.4      -0.75     -0.44     -0.88     -0.17    
   0.97      0.24      0.094    -0.19      0.4       0.9       0.18     -0.88      0.44    

SITE_XPOS
  -16       -2.4e+02   2.9e+02 

SITE_XMAT
   0.89      0.24      0.39     -0.46      0.4       0.79      0.035    -0.88      0.47    

SUBTREE_COM
  -16       -2.4e+02   2.9e+02 
  -16       -2.4e+02   2.9e+02 
  -16       -2.4e+02   2.9e+02 
  -16       -2.4e+02   2.9e+02 

CDOF
   0         0         0         1         0         0       
   0         0         0         0         1         0       
   0         0         0         0         0         1       
   0.89     -0.46      0.035    -4.8e-05  -7.8e-05   0.00017 
   0.24      0.4      -0.88      4.7e-06  -0.00043  -0.00019 
   0.39      0.79      0.47      0.0001    0.00017  -0.00038 
   0.24      0.4      -0.88     -0.071    -0.14     -0.085   
   0.24      0.4      -0.88      0.071     0.14      0.084   

CINERT
   0         0         0         0         0         0         0         0         0         0       
   0.51      0.64      0.53      0.083     0.048     0.099     0.0011   -0.0001    0.00026   30      
   0.011     0.034     0.042     0.015    -0.0014    0.00085  -0.19      0.1      -0.0078    1.2     
   0.011     0.034     0.041     0.016    -0.0011    0.0012    0.19     -0.1       0.0076    1.2     

ACTUATOR_LENGTH
  -1.5e+03 
  -0.32    

ACTUATOR_MOMENT
   0         0         0         0         0         0         1         0       
   0         0         0         0         0         0         0         1       

CRB
   0         0         0         0         0         0         0         0         0         0       
   0.53      0.71      0.61      0.11      0.046     0.1      -4.1e-14  -4.6e-13  -1.9e-15   33      
   0.011     0.034     0.042     0.015    -0.0014    0.00085  -0.19      0.1      -0.0078    1.2     
   0.011     0.034     0.041     0.016    -0.0011    0.0012    0.19     -0.1       0.0076    1.2     

QM
   33        0         0        -0.0016    0.00015   0.0034   -1.4e-17   1.4e-17 
   0         33        0        -0.0026   -0.014     0.0057    2.8e-17   0       
   0         0         33        0.0056   -0.0064   -0.012     1.4e-17   0       
  -0.0016   -0.0026    0.0056    0.48      7.1e-15  -0.0025    1.6e-18   6.5e-19 
   0.00015  -0.014    -0.0064    7.1e-15   0.56      5.3e-17   0.0023    0.0023  
   0.0034    0.0057   -0.012    -0.0025    5.3e-17   0.82     -6.3e-18  -4.3e-19 
  -1.4e-17   2.8e-17   1.4e-17   1.6e-18   0.0023   -6.3e-18   0.0023    0       
   1.4e-17   0         0         6.5e-19   0.0023   -4.3e-19   0         0.0023  

QLD
   33       -8.6e-07   2.2e-06  -0.0033    0.00028   0.0042   -6.1e-15   6.1e-15 
  -8.6e-07   33       -1.4e-06  -0.0054   -0.026     0.0069    1.2e-14   0       
   2.2e-06  -1.4e-06   33        0.012    -0.012    -0.015     6.1e-15   0       
  -0.0033   -0.0054    0.012     0.48      1.3e-14  -0.003     7.1e-16   2.8e-16 
   0.00028  -0.026    -0.012     1.3e-14   0.55      7.2e-17   1         1       
   0.0042    0.0069   -0.015    -0.003     7.2e-17   0.82     -2.7e-15  -1.9e-16 
  -6.1e-15   1.2e-14   6.1e-15   7.1e-16   1        -2.7e-15   0.0023    0       
   6.1e-15   0         0         2.8e-16   1        -1.9e-16   0         0.0023  

QLDIAGINV
   0.03    
   0.03    
   0.03    
   2.1     
   1.8     
   1.2     
   4.4e+02 
   4.4e+02 

QLDIAGSQRTINV
   0.17    
   0.17    
   0.17    
   1.4     
   1.3     
   1.1     
   21      
   21      

D_rownnz              8 8 8 8 8 8 7 7

D_rowadr              0 8 16 24 32 40 48 55

D_colind              0 1 2 3 4 5 6 7 0 1 2 3 4 5 6 7 0 1 2 3 4 5 6 7 0 1 2 3 4 5 6 7 0 1 2 3 4 5 6 7 0 1 2 3 4 5 6 7 0 1 2 3 4 5 6 0 1 2 3 4 5 7

B_rownnz              8 8 7 7

B_rowadr              0 8 16 23

B_colind              0 1 2 3 4 5 6 7 0 1 2 3 4 5 6 7 0 1 2 3 4 5 6 0 1 2 3 4 5 7

QDERIV
   0         0         0         0         0         0         0         0       
   0         0         0         0         0         0         0         0       
   0         0         0         0         0         0         0         0       
   0         0         0         0         0         0         0         0       
   0         0         0         0         0         0         0         0       
   0         0         0         0         0         0         0         0       
   0         0         0         0         0         0         0         0       
   0         0         0         0         0         0         0         0       

QLU
   0         0         0         0         0         0         0         0       
   0         0         0         0         0         0         0         0       
   0         0         0         0         0         0         0         0       
   0         0         0         0         0         0         0         0       
   0         0         0         0         0         0         0         0       
   0         0         0         0         0         0         0         0       
   0         0         0         0         0         0         0         0       
   0         0         0         0         0         0         0         0       

CONTACT
ACTUATOR_VELOCITY
  -7.6     
  -11      

CVEL
   0         0         0         0         0         0       
  -10        12        12       -0.17     -2.5       2.9     
  -12        8.6       18        0.36     -1.4       3.6     
  -13        7.1       21       -0.97     -4.1       2       

CDOF_DOT
   0         0         0         0         0         0       
   0         0         0         0         0         0       
   0         0         0         0         0         0       
   0         0        -0         1.3       2.6       2.3     
  -0         0         0         1.1       0.56      0.55    
   0         0         0        -3.5       1.2       0.85    
  -15       -6.1      -6.9       1.7      -1.1       2.8     
  -15       -6.1      -6.9       0.39      2.2      -1.7     

QFRC_BIAS
  -4.3     
  -0.96    
  -2.8     
  -23      
   52      
   9.2     
  -0.099   
   0.23    

QFRC_PASSIVE
   0       
   0       
   0       
   0       
   0       
   0       
   0       
   0       

SUBTREE_LINVEL
   0         0         0       
   0         0         0       
   0         0         0       
   0         0         0       

SUBTREE_ANGMOM
   0         0         0       
   0         0         0       
   0         0         0       
   0         0         0       

ACTUATOR_FORCE
   0       
   0       

QFRC_ACTUATOR
   0       
   0       
   0       
   0       
   0       
   0       
   0       
   0       

QFRC_SMOOTH
   4.3     
   0.96    
   2.8     
   23      
  -52      
  -9.2     
   0.099   
  -0.23    

QACC_SMOOTH
   0.13    
  -0.0052  
   0.054   
   48      
  -94      
  -11      
   1.4e+02 
  -4.5     

QFRC_CONSTRAINT
   0       
   0       
   0       
   0       
   0       
   0       
   0       
   0       

QFRC_INVERSE
   0       
   0       
   0       
   0       
   0       
   0       
   0       
   0       

CACC
   0         0         0         0         0         0       
   0         0         0         0         0         0       
   0         0         0         0         0         0       
   0         0         0         0         0         0       

CFRC_INT
   0         0         0         0         0         0       
   0         0         0         0         0         0       
   0         0         0         0         0         0       
   0         0         0         0         0         0       

CFRC_EXT
   0         0         0         0         0         0       
   0         0         0         0         0         0       
   0         0         0         0         0         0       
   0         0         0         0         0         0       

